0 0.44375 0.565625 0.07109375 0.159375
0 0.52109375 0.58125 0.01484375 0.2140625
0 0.60390625 0.52421875 0.08046875 0.16328125
0 0.68203125 0.57421875 0.0421875 0.18046875
0 0.62421875 0.9 0.071875 0.1078125
0 0.26875 0.7265625 0.02421875 0.121875
0 0.18125 0.68359375 0.01953125 0.103125
0 0.06171875 0.75625 0.040625 0.0859375
0 0.04921875 0.57578125 0.03515625 0.12734375
0 0.12578125 0.59375 0.05546875 0.20390625
0 0.26328125 0.5953125 0.1234375 0.1234375
0 0.778125 0.63671875 0.0484375 0.08046875
0 0.8640625 0.65234375 0.01640625 0.11875
0 0.83984375 0.48359375 0.05234375 0.096875
0 0.91640625 0.91640625 0.05390625 0.07421875
0 0.9265625 0.65625 0.07421875 0.0921875
0 0.97890625 0.61953125 0.02578125 0.07734375